1 5 7 9 11 15 16 17 20 
21 22 23 24 27 31 32 33 36 39 40 41 
11 43 45 47 48 51 52 54 55 56 57 58 61 62 66 68 69 70 71 
21 24 32 41 44 54 55 56 57 72 79 82 85 91 
23 31 49 94 97 98 100 101 103 105 106 108 112 116 120 121 
46 122 123 127 129 130 133 136 
2 21 49 104 143 145 149 152 155 156 158 159 164 168 
23 100 108 110 120 121 172 175 176 178 179 184 187 189 190 191 192 194 195 
21 25 48 49 80 145 152 204 
23 31 98 101 105 106 111 116 120 121 172 192 223 227 228 229 231 233 238 246 
11 45 47 49 50 51 61 66 70 71 174 197 257 275 
5 9 15 16 280 287 288 289 
122 123 130 155 301 303 304 306 307 
49 94 97 98 101 103 108 192 217 223 227 313 318 321 324 325 333 341 
1 5 9 11 15 16 17 280 287 288 289 344 349 351 356 358 360 365 371 372 376 378 379 
1 5 7 9 16 17 20 48 280 284 287 289 346 351 358 360 364 411 412 
21 23 25 27 28 37 38 41 207 213 424 
1 11 16 17 50 54 55 57 59 138 253 280 284 288 349 351 358 360 364 382 411 471 476 480 
1 5 9 11 15 16 20 47 50 71 280 284 287 288 344 358 364 365 378 515 
31 49 97 116 172 223 523 
45 47 48 49 52 61 104 393 
48 49 98 100 101 105 106 192 217 223 227 341 523 557 562 577 578 
21 22 23 24 27 31 34 39 40 44 48 49 72 82 85 91 205 236 588 613 614 618 
2 21 25 49 158 285 627 635 636 
49 94 97 100 105 106 108 112 116 120 175 223 341 
2 48 49 80 104 143 145 149 155 156 158 159 165 168 187 204 218 627 670 671 675 
21 28 49 104 152 156 158 159 208 670 718 
4 8 27 31 54 56 57 179 350 528 672 691 718 735 739 741 746 750 751 753 755 757 758 764 765 
21 143 155 168 670 
11 43 45 47 58 61 62 177 393 510 
11 43 45 47 48 49 52 66 70 174 179 197 257 810 
11 45 49 52 61 70 80 174 257 393 810 
528 672 735 751 764 
2 21 48 49 155 168 204 299 670 
21 22 23 24 31 32 34 39 72 82 85 588 881 
23 31 48 49 94 97 100 105 106 108 116 120 121 172 184 223 227 228 328 341 578 925 928 932 933 
5 9 11 15 16 48 104 284 287 346 351 356 360 365 596 954 
129 130 304 307 966 968 969 974 
6 8 10 31 48 104 143 627 691 718 750 751 757 758 765 1003 1008 1012 
24 26 34 38 41 93 207 
21 48 49 176 1039 1043 
99 102 107 109 110 186 297 1047 1051 1054 1055 1057 1059 1060 1062 1064 1070 1071 1072 1073 
122 155 301 303 304 307 966 977 1075 1077 
49 80 97 124 126 132 313 324 325 636 1043 1049 1065 1094 1100 1108 
23 33 108 110 175 176 179 187 189 191 194 702 1134 1145 1147 
5 7 9 20 158 280 287 358 360 
48 94 97 98 101 120 121 192 223 227 228 313 321 324 1175 1179 1193 
21 24 27 28 31 34 39 44 72 236 610 
23 49 80 94 97 98 101 106 217 227 318 1228 
11 100 122 126 128 132 135 226 248 291 691 696 750 766 1043 1090 1246 1250 1251 1262 1263 1267 1268 1270 1271 1272 1278 1284 1288 1290 1295 1297 
45 47 51 52 66 70 174 257 272 393 810 838 
11 124 126 132 135 226 291 750 1043 1246 1250 1251 1262 1263 1267 1268 1270 1278 1284 1295 
2 11 21 28 48 49 57 126 132 153 291 1039 1043 
99 102 109 110 119 179 297 1047 1055 1059 1060 1062 1064 1070 1071 1072 1381 1384 1393 
4 8 10 31 143 158 528 627 672 735 741 746 753 
94 97 98 101 105 112 217 223 233 318 341 523 1193 1230 
43 47 49 58 61 70 197 393 776 810 1480 
1 9 11 16 17 138 253 280 288 289 349 351 358 360 378 379 382 396 476 480 611 1500 1520 1521 1528 
23 33 108 110 120 121 172 175 178 186 187 189 190 194 237 702 
21 23 24 27 49 106 236 613 
1 5 11 16 20 48 50 158 280 284 288 344 351 356 358 360 365 378 1607 
11 100 122 124 126 128 132 135 226 248 691 739 750 979 1043 1090 1246 1250 1251 1262 1263 1267 1268 1270 1271 1272 1277 1278 1288 1650 
21 23 24 25 26 28 34 37 38 41 203 213 
2 3 11 21 48 100 104 126 132 134 153 158 291 627 636 1039 1049 
2 21 106 145 149 153 155 156 168 218 299 627 670 675 718 952 1740 
1 5 7 9 17 104 287 351 360 376 596 
11 31 43 45 47 49 50 58 61 62 179 393 510 
49 80 94 97 98 100 108 112 172 178 184 223 328 341 
22 31 94 97 98 101 105 108 172 178 184 223 227 228 523 1543 1839 
2 21 126 132 176 739 1039 1043 1373 
11 43 45 47 48 49 50 51 52 58 61 62 66 69 70 71 80 174 179 257 258 272 393 483 538 739 810 
11 43 45 47 49 58 70 174 197 257 258 275 393 483 739 810 1914 
11 43 45 49 66 68 197 275 
259 288 358 480 
2 21 49 54 57 59 80 104 135 627 636 1043 1976 
21 24 25 26 34 37 38 41 44 207 1474 
122 127 129 130 133 307 969 1077 1997 
1 9 11 16 17 20 50 120 121 138 149 158 198 199 251 252 253 280 284 288 289 344 349 351 358 360 364 379 476 480 611 659 1500 1517 2059 
23 94 98 100 101 105 106 108 112 120 172 217 223 227 228 233 328 523 557 577 2095 2102 
31 49 98 101 108 116 
21 23 32 33 34 39 40 41 49 82 236 
21 22 23 25 32 34 39 41 44 48 72 82 85 232 236 
31 48 49 94 97 98 100 101 106 108 112 116 172 217 223 227 228 523 2185 2190 
11 17 50 158 280 288 344 360 480 
1 5 7 9 11 15 16 17 20 48 158 280 284 287 288 349 351 356 358 378 379 
11 43 47 49 58 61 66 80 174 179 197 257 258 393 483 510 538 1914 
15 16 17 20 284 287 288 346 349 379 382 
4 8 27 31 48 104 138 143 179 350 528 627 672 674 691 718 735 741 750 751 755 764 1104 1114 2046 2055 2348 
3 23 25 32 33 37 44 82 207 213 619 1474 
5 7 9 11 16 20 48 280 344 351 356 358 360 
2 11 21 48 49 100 104 126 132 153 158 176 285 627 1039 1976 
23 48 97 98 101 108 172 217 223 227 228 233 318 341 523 578 914 1474 
11 43 45 47 49 61 66 68 69 70 71 179 197 275 393 538 1914 
1 9 17 280 288 349 358 
11 31 43 47 51 61 66 70 71 174 197 257 393 
1 9 15 16 48 280 287 288 346 351 356 358 365 378 379 
2 21 28 48 49 104 152 670 1740 
11 43 45 47 49 58 61 66 70 174 177 197 257 258 483 810 
22 23 27 32 33 34 39 40 48 49 72 85 232 614 671 2649 2650 
123 130 155 299 303 306 966 2669 2670 2676 
22 23 25 27 31 32 39 72 82 85 232 236 613 614 
11 21 49 100 104 126 135 176 285 636 1039 
1 5 7 11 17 20 106 287 288 351 356 360 364 379 382 419 927 954 2748 2776 
21 22 27 31 34 39 48 49 72 91 236 613 614 881 
48 94 97 98 101 103 108 112 223 313 321 324 578 
46 60 110 127 162 190 307 453 1077 1607 2830 
11 43 45 47 48 49 51 58 61 66 68 69 70 104 174 179 196 197 257 258 272 393 483 810 838 
23 40 110 172 175 184 187 189 190 191 646 1449 
4 8 10 27 31 138 143 179 187 350 627 691 718 741 750 751 755 1104 1114 2046 2918 
99 102 107 110 119 179 186 297 1047 1051 1054 1055 1057 1059 1060 1062 1064 1070 1071 1072 1073 1393 1394 2024 
1 16 54 57 280 287 358 360 364 412 
21 23 25 32 34 41 207 1474 
21 23 25 27 32 34 37 207 434 
24 27 32 34 36 39 41 44 48 82 
23 100 108 110 120 121 172 175 176 187 189 190 191 194 237 646 647 691 702 1145 1449 2898 
94 98 101 108 116 192 223 246 321 
9 11 16 17 20 50 138 253 358 378 382 411 471 
21 23 24 25 32 34 37 38 207 1474 
1 5 7 9 11 15 16 17 48 50 56 57 158 280 284 287 288 344 346 349 351 356 358 364 365 411 1607 
17 138 
21 22 23 31 32 39 40 41 44 48 82 85 205 614 
99 102 109 110 119 179 1047 1051 1054 1055 1057 1060 1062 1064 1070 1071 1072 1393 1403 2024 
21 22 24 25 40 41 72 82 91 236 3276 
48 94 98 100 108 116 120 121 223 523 
21 28 49 104 145 155 168 670 952 
49 94 98 105 106 223 523 
48 94 97 101 108 116 120 121 178 227 228 321 3346 3352 3366 
22 23 31 32 34 39 40 44 
65 122 303 304 974 1077 
11 23 94 106 108 112 120 172 184 523 1371 1372 1375 1376 1532 1542 3410 
1 5 9 25 104 287 288 346 
15 226 288 351 1016 
4 104 179 627 672 674 741 746 750 764 1120 1152 1157 1163 1176 3486 
11 43 52 58 61 66 70 106 174 179 257 739 810 
11 43 45 48 66 68 174 179 196 197 257 278 393 538 739 
4 6 8 10 27 31 48 54 56 57 64 104 143 718 735 739 746 750 751 764 1104 3572 
43 45 49 52 58 61 70 197 393 810 1480 
23 33 100 108 120 172 175 176 178 179 187 189 190 191 192 194 195 237 528 646 650 702 1134 1145 1449 2940 
2 21 49 54 55 56 57 143 145 152 153 155 156 168 204 218 299 670 675 688 718 1740 
21 22 23 31 32 39 40 41 111 236 588 614 3710 3717 
21 49 80 145 218 718 
21 23 31 236 
1 5 9 11 15 16 17 20 280 288 344 349 351 358 360 
21 24 26 34 38 203 
11 100 124 126 128 132 134 135 226 248 291 691 751 979 1043 1069 1246 1250 1251 1262 1263 1267 1268 1270 1271 1272 1278 1284 1288 1290 1295 1297 
288 349 1011 1016 2289 3838 
8 735 
21 22 24 27 31 32 39 49 82 236 613 619 
98 100 105 106 108 120 192 223 227 228 341 1193 1206 1254 2423 
22 23 27 32 34 44 
23 97 101 106 108 116 120 172 192 233 1543 
2 11 21 49 132 627 1039 1043 
2 21 104 149 156 158 159 168 627 670 718 952 
31 94 98 101 105 108 120 172 178 184 223 227 328 578 1543 2411 
43 45 47 49 58 66 70 71 275 393 
31 49 98 101 106 108 116 187 223 227 4032 
1 16 17 20 138 253 280 288 351 358 364 411 476 611 
11 23 31 94 97 105 106 116 120 121 227 341 
31 43 47 49 61 80 
2 21 28 152 156 159 168 1740 
11 43 45 47 49 50 51 52 58 61 62 66 68 69 70 71 80 104 171 174 177 179 196 197 257 258 272 278 393 483 510 538 739 810 1698 
49 54 57 97 98 101 103 108 120 321 324 341 4192 
2 49 104 143 152 153 155 159 299 627 670 718 
102 109 110 114 119 179 1047 1051 1055 1064 1070 1071 1072 1393 
23 49 94 97 98 105 108 223 227 3225 
23 31 94 97 98 100 101 105 106 108 116 120 121 178 184 192 198 199 223 227 228 233 246 251 252 341 523 557 659 913 936 1193 1543 2669 2870 
23 24 25 26 32 34 82 1474 
22 24 32 40 41 49 72 77 82 
1 9 11 16 49 54 57 59 67 138 253 280 288 289 344 349 351 358 364 411 471 476 480 1500 1517 4384 
94 98 101 108 120 121 192 217 223 227 318 321 4409 
4 6 8 10 27 31 48 104 122 138 143 179 627 718 735 739 741 746 750 751 753 757 758 764 765 1003 1008 1104 
31 48 49 94 98 101 105 108 120 192 223 227 318 328 
4 6 10 31 48 54 57 104 158 528 627 672 735 750 751 753 764 983 1104 1114 1424 
49 97 128 259 313 636 1043 1090 1094 1100 
1 5 9 16 17 48 104 284 288 289 360 376 379 927 
21 49 143 155 627 952 1740 
1 5 20 280 287 351 356 358 378 411 
1 11 16 17 20 138 280 284 288 344 358 360 378 379 411 412 480 
94 97 101 105 108 120 223 328 341 578 914 1543 
11 45 47 49 51 54 57 58 61 66 197 278 
48 49 80 104 1039 
11 59 100 124 126 128 132 135 162 226 248 291 522 691 696 751 1043 1090 1246 1250 1251 1262 1263 1267 1268 1270 1271 1272 1278 1284 1288 1295 1297 
22 23 33 34 39 40 44 48 72 82 85 91 106 232 236 
49 97 101 105 108 192 223 227 246 307 523 
48 55 56 57 94 97 98 101 105 120 192 223 233 1193 
31 158 341 528 672 691 718 735 746 753 755 764 1104 2046 2055 4829 
11 21 627 635 1039 1043 
11 138 280 344 358 360 379 412 476 611 
23 24 34 39 40 54 57 59 82 85 236 
4 8 10 31 48 104 138 158 179 350 528 672 691 718 735 741 746 750 751 757 1114 
46 123 129 133 298 303 307 
11 43 45 47 49 52 58 61 62 66 69 70 71 80 174 177 179 257 272 273 393 510 739 
94 97 98 101 108 116 172 184 223 227 1390 
1 5 9 16 17 20 259 280 284 288 351 358 364 379 480 1517 
4 179 350 672 751 
21 104 145 149 155 158 164 204 627 670 1740 
43 49 52 61 70 71 80 177 197 
49 104 138 288 480 991 998 1016 2284 
23 24 33 39 41 
23 100 108 110 120 172 175 176 178 186 187 189 190 192 647 702 1449 2940 
2 11 104 132 153 176 627 635 636 1039 1043 1049 
23 24 25 27 32 37 82 207 213 619 1474 
31 48 94 97 98 108 112 116 120 172 178 192 217 
23 31 48 49 94 100 101 106 108 116 178 184 192 227 1150 1193 
9 16 17 20 280 284 288 351 358 378 379 412 480 
4 6 8 13 27 31 54 56 57 158 179 350 691 718 741 751 753 757 758 764 765 1104 1114 
2 3 4 6 8 10 12 13 14 18 19 
21 23 25 26 27 28 34 37 38 
42 44 46 49 53 54 57 59 60 65 67 
21 27 42 46 49 53 54 57 
27 96 99 102 104 107 109 110 113 114 117 119 
11 124 126 128 131 132 134 135 
27 44 46 48 67 138 142 144 146 147 148 150 151 162 163 166 167 
11 43 45 48 50 52 66 68 79 104 174 179 197 
23 25 26 27 30 38 39 97 98 205 207 217 
21 23 24 27 40 41 85 104 226 236 241 248 
44 46 49 54 60 133 138 142 147 253 259 265 
26 49 132 281 282 285 286 293 
99 102 109 110 
21 27 42 46 49 53 54 57 59 63 64 65 73 104 142 327 338 
27 31 46 48 104 133 138 147 148 162 165 166 347 350 362 363 374 377 
26 31 43 44 47 49 52 61 62 66 70 81 171 197 201 393 408 416 
21 42 46 49 54 57 73 147 267 327 
2 21 28 31 44 46 53 54 57 60 67 81 86 453 460 
11 43 47 50 58 61 62 66 70 104 174 179 197 257 272 408 
49 131 522 525 528 
3 24 25 26 27 32 40 44 201 540 544 
11 23 33 94 104 108 172 178 184 227 231 569 573 574 
15 16 17 104 165 284 288 349 351 356 360 411 580 593 596 599 603 606 608 611 
23 25 26 27 32 41 44 
23 33 172 175 179 187 189 190 237 644 646 647 655 
9 11 23 33 50 108 175 178 179 184 287 566 672 674 679 683 690 691 696 702 
21 138 145 152 253 704 708 712 719 723 
21 27 42 46 48 49 53 54 57 59 60 65 67 104 147 166 338 
104 768 770 
22 23 24 32 33 34 40 85 776 
145 152 155 156 299 627 635 670 704 
31 42 44 49 54 59 73 80 142 147 267 335 
43 44 49 52 70 171 197 278 416 
105 108 195 313 679 750 862 867 
43 47 52 61 158 275 739 
1 5 9 11 16 20 280 284 287 288 289 344 349 358 360 378 379 412 419 596 930 
21 31 49 145 152 156 218 704 712 723 739 940 952 
24 25 72 82 213 
16 20 31 104 144 165 226 248 284 351 360 411 419 770 984 991 992 993 998 1000 1001 1004 1005 1011 1014 1015 1016 1024 
21 197 259 408 1029 1032 
26 49 124 132 207 434 636 1046 1048 1065 
43 61 70 122 177 
2 3 4 8 10 19 49 179 741 753 755 764 1098 1101 1104 1106 1109 1114 
31 46 49 80 142 162 166 179 347 627 
4 13 48 627 746 757 1150 1152 1157 1161 1163 1165 
3 6 8 19 104 158 528 578 1104 1109 1114 1163 1194 
49 80 97 105 132 321 627 1193 1213 1216 
21 31 42 44 49 65 
14 24 27 34 77 236 540 583 585 618 881 1215 1242 1243 1253 1254 1257 1258 1259 1264 1273 1274 1276 1280 1286 1287 1291 1292 
22 24 34 37 39 40 72 236 1316 
4 8 10 27 31 49 350 627 672 739 753 1104 1338 
48 49 80 106 108 178 265 1353 1371 1372 1375 1376 
102 104 109 119 144 702 1054 1383 1386 1390 1399 
11 27 48 122 130 144 145 156 218 627 704 794 1408 1410 1424 1432 1433 1437 1438 
108 120 172 176 178 187 189 194 195 237 647 1449 
3 23 27 34 37 38 44 583 1474 
2 3 21 49 80 100 104 126 135 143 158 176 627 636 691 718 1039 1043 1373 
48 49 94 101 112 227 523 556 573 1371 1372 1376 1532 1543 1555 
23 104 523 1375 
27 31 44 46 48 49 81 133 142 147 148 162 166 377 691 739 1575 
47 48 49 51 52 61 70 80 174 272 275 739 888 1637 
108 120 172 227 1371 1372 1375 1532 1567 1652 1663 1675 
43 45 47 49 52 58 61 68 69 70 174 179 257 272 275 393 538 
23 31 33 98 101 106 108 111 116 120 223 233 313 321 932 1181 1193 1729 
49 97 98 102 105 119 1749 1751 1756 1758 1759 
11 16 20 287 288 346 351 358 360 412 
31 48 49 145 155 156 204 299 627 704 723 
94 97 101 108 116 172 223 259 318 321 328 679 1031 
43 45 48 49 174 393 
5 7 16 45 48 69 104 158 165 174 179 288 351 356 360 376 411 412 770 1879 1899 
43 45 47 48 49 52 61 68 69 70 80 174 
47 49 52 
23 40 72 241 1954 
31 44 46 53 54 60 147 338 377 
79 275 393 1987 
126 132 750 1043 1246 1250 1251 1262 1263 1267 1998 
48 99 102 104 109 110 113 114 117 158 165 186 192 341 755 932 1216 1383 1393 1543 2017 2024 2032 2033 2046 2050 2055 2062 2063 2069 2073 2076 
44 49 65 104 133 136 142 147 148 151 162 166 362 627 2110 
32 39 44 1254 
11 49 80 94 108 120 172 227 573 1032 1371 1375 1376 1532 
46 49 60 67 142 147 166 363 739 1287 2062 
44 46 65 97 101 103 105 142 166 225 246 262 313 338 340 1749 
110 119 1062 1064 1071 1072 1384 1393 1403 2230 
1 5 7 9 11 16 17 31 138 280 284 288 344 351 356 358 360 411 2237 2255 
15 20 283 288 349 360 411 419 476 991 1016 2284 2289 
3 26 27 38 41 82 201 544 619 
11 50 124 126 128 132 134 135 291 636 691 696 1043 1049 1069 1267 1296 1998 2076 2327 2328 2333 2345 2369 
31 42 44 46 49 59 67 147 338 
11 48 49 97 103 108 178 223 227 246 259 313 321 557 2407 2411 2423 
5 7 9 11 280 288 289 349 351 356 412 926 1879 2237 
5 16 17 20 280 351 356 358 476 480 672 
48 96 99 102 104 110 297 1383 1393 2033 
23 26 38 44 
11 100 104 124 126 131 132 134 291 636 1043 1065 1267 1271 2528 
4 31 104 350 672 739 741 753 757 764 853 1152 1163 2565 
3 8 10 14 19 21 28 44 48 81 627 1101 1150 2604 
2 26 49 80 126 134 201 285 627 1043 2618 
11 23 49 80 94 106 108 112 172 192 227 523 1371 1372 1375 1376 1532 1535 1552 1655 
11 21 152 155 719 2670 
1 16 17 104 280 284 287 350 411 1879 2255 
5 7 16 110 138 186 226 253 284 288 349 606 1054 2728 2729 2735 
11 23 48 94 108 120 172 178 523 556 1353 1371 1375 1376 1542 2618 2649 2744 2763 2772 
2 3 12 19 21 26 27 44 627 635 741 1101 1150 2604 2788 
9 46 142 162 262 371 374 2820 
16 288 351 2831 2837 2843 
31 48 96 99 114 119 259 297 1047 1059 1072 1384 2230 2490 2855 2870 2883 
22 23 24 32 34 44 85 776 
23 33 100 104 108 110 120 121 172 175 179 184 189 190 191 192 194 237 528 646 1054 1134 1449 2940 
102 104 109 110 117 119 179 611 1047 1072 1384 2033 2964 2968 
49 53 59 335 338 1048 
672 691 746 753 1152 
11 49 126 128 281 636 1043 1065 1122 
43 58 61 62 174 393 
2 3 8 12 18 27 48 49 80 627 757 1101 1150 2601 2604 2788 
104 351 476 1899 2237 3098 
48 49 99 102 110 297 1047 1055 1059 1062 1064 1071 1393 3114 3118 
11 44 108 172 178 227 523 580 1371 
3 12 27 42 46 49 53 54 57 59 60 63 86 142 147 148 166 267 327 335 363 439 1408 3174 3183 3189 3193 3198 
43 408 
49 98 101 105 108 116 120 178 223 227 313 325 557 1375 3222 3225 
27 44 54 67 133 142 162 166 313 377 
21 44 46 49 55 57 65 147 166 
21 44 46 54 59 142 147 262 338 752 
104 165 636 1043 1976 3323 
3 21 25 26 27 32 38 201 544 613 1048 
100 132 226 248 291 750 1043 1090 1246 1250 1251 1262 1263 1272 1288 
3 24 26 44 82 207 544 613 2313 
46 65 123 966 974 1077 
3 26 27 30 37 44 48 81 133 142 166 424 1048 2993 3183 3429 3435 
3 23 24 26 27 32 34 36 38 41 201 
2 21 627 1101 1104 
11 43 45 47 48 49 52 58 61 68 69 70 171 174 197 275 
11 23 49 94 108 120 192 227 573 1372 1376 1652 3506 
2 4 6 10 19 48 158 627 982 1089 1101 1163 2788 3546 
21 28 31 42 44 48 53 54 55 59 67 86 142 147 166 338 
44 670 719 2669 3591 3595 3597 3603 3607 
2 3 6 8 18 19 21 44 48 153 627 635 753 1101 1150 1161 1194 2582 2604 2805 
27 44 46 48 49 53 54 57 59 65 67 80 142 147 262 267 338 
226 248 636 1043 1049 1263 1272 3708 
27 31 102 110 1047 1071 1393 3726 
5 7 9 11 17 50 280 287 288 344 358 378 411 930 
46 55 338 
11 49 80 124 126 128 132 135 179 291 522 636 691 1043 1065 1069 1090 1251 1267 1296 2333 2528 3793 3799 3816 3817 3820 3821 3822 3829 
148 1077 
94 227 228 523 1371 1372 3607 3851 
3 6 8 12 14 21 26 627 1048 1101 1258 2348 2993 
15 16 97 98 226 288 349 360 411 480 770 991 1016 2284 
104 741 
45 47 61 70 104 174 179 1424 
11 50 227 228 1371 3940 3943 
152 208 691 704 1954 2669 3597 3955 3958 3960 3967 3970 
44 46 48 54 55 57 104 133 147 3996 
27 49 104 672 746 753 1104 
23 26 94 112 120 176 189 207 1246 1376 4034 
48 49 99 102 119 297 1047 1051 1055 1059 1062 1064 1071 1072 1073 1381 1393 3114 
49 96 119 144 1383 1384 1393 2024 
21 24 25 26 32 41 44 
155 301 704 2669 2670 3595 3603 3607 4113 
1 5 7 9 11 16 17 20 280 284 288 344 349 351 356 358 360 378 412 611 926 1520 1521 1879 4159 4167 
44 53 54 57 59 104 142 
21 47 61 70 79 174 416 614 1914 4208 4219 
43 45 49 70 80 275 4241 
22 23 24 32 34 104 
31 48 96 102 104 109 110 113 119 144 158 702 1047 1051 1287 1383 1393 1424 2033 2918 2968 4288 4293 4297 4303 4313 4317 4321 
2 49 4332 
48 52 70 171 275 4344 
27 44 49 53 55 56 57 65 67 86 142 147 166 267 313 325 327 363 453 2840 
10 104 143 350 718 741 746 753 
8 10 27 31 48 104 138 143 158 179 528 672 691 718 739 741 750 751 753 757 764 1104 1114 1424 3546 
48 49 80 94 104 120 138 179 227 569 1371 1376 4487 
2 27 31 46 48 53 54 57 59 60 65 133 142 153 327 335 338 453 460 
11 49 106 108 227 228 523 1376 4540 4554 
31 47 52 58 61 70 79 104 165 179 272 416 
2 6 14 21 983 1048 
3 21 24 28 31 34 38 44 77 82 85 207 
49 58 61 62 66 80 158 174 393 1390 4629 
3 21 28 37 44 122 142 281 293 327 338 
21 28 44 53 374 
138 147 
46 48 67 104 133 138 142 162 166 262 363 1386 1390 
11 23 48 94 106 108 120 172 237 523 556 1371 1372 1376 
21 24 26 27 32 37 38 39 41 44 201 207 424 
21 42 46 53 60 86 147 166 327 338 363 
5 7 16 17 158 284 288 349 476 480 632 739 770 991 1016 1517 2289 2411 
43 
4 27 104 138 179 741 867 1104 1109 1171 2348 4865 
46 49 53 54 60 80 147 1048 
2 21 28 31 49 80 100 104 124 126 128 132 134 153 176 291 627 635 1039 1043 1065 1069 1090 1122 1267 1271 1296 1373 2528 3783 
123 130 166 296 298 303 304 974 1075 1077 
48 96 99 102 104 109 110 119 144 158 165 186 297 599 1072 1393 2024 2490 4288 4293 4297 4303 
43 45 52 68 70 179 275 408 
3 12 21 26 27 30 37 44 46 142 148 207 327 424 1048 3183 3198 5064 
288 593 596 1390 2237 
2 3 12 21 49 104 124 126 138 153 253 285 1386 1976 5101 
31 46 104 147 149 166 2918 
2 37 44 155 176 627 712 719 2674 
42 44 54 57 147 
9 48 152 155 156 301 358 378 611 688 954 5148 5156 
2 3 12 21 26 28 49 132 201 285 627 1043 
11 16 20 351 358 1899 
24 26 31 44 48 49 72 81 82 91 104 201 925 
21 24 27 32 34 39 40 41 49 72 85 104 610 2069 5274 
16 20 144 226 248 284 411 991 992 993 1000 1001 1011 1016 2237 2289 
4 21 28 31 44 46 49 53 55 57 59 60 81 142 147 162 262 267 327 338 365 1048 2993 
